1.3705539e-003
9.8714218e-001
9.9182408e-001
6.9968275e-006
1.0006761e+000
2.5800244e-002
1.5606144e-002
4.0110808e-003
3.1904893e-001
4.0110456e-003
9.9463216e-001
8.4705483e-003
6.0394891e-003
8.8875021e-001
8.2057663e-007
1.0271527e-007
3.5547650e+000
7.7561711e-001
9.0782945e-003
1.1836625e-001
1.0156121e-002
2.5328101e-004
2.0087204e-003
1.3747360e-001
2.2097020e-003
7.7737983e-003
1.0124416e-002
7.5692786e-002
1.1608535e-001
1.2509040e+000
5.6109998e-001
8.8597621e+000
8.8611627e+000
8.8615763e+000
1.3500000e+002
1.8394727e-004
1.0924132e-004
8.8935135e-005
-8.5719165e+001
4.1071583e-001
0.0000000e+000
0.0000000e+000
1.7483040e+004
-1.4677756e+004
-1.6869784e+005
1.6590486e+005
3.8674011e+002
6.0137654e+000
2.1665981e-003
0.0000000e+000
0.0000000e+000
0.0000000e+000
5.2910875e-001
3.1783490e-002
7.1017447e-006
2.8316127e-009
2.3444660e-009
1.3282361e-004
4.3772286e-003
1.2450156e-002
3.6005070e+000
4.3833441e-002
5.4727484e-005
8.6054033e-009
2.3715335e+000
1.3105350e+001
2.7224584e-004
1.1056849e-005
9.5203944e-006
1.3418139e-007
1.4654302e-012
8.8079626e-009
5.6863655e-004
2.1354933e-006
5.6653572e-006
1.3743596e-003
4.3580316e-002
3.8789477e-005
5.5612103e-010
4.1446000e+000
1.1342721e+000
1.5613769e-005
7.7666417e-006
4.5935002e-008
3.0629005e-013
3.2828882e-018
2.0356103e-014
1.2025051e-004
4.4862898e-007
1.7078402e-007
8.1327361e-007
